 1 -0  0 -0
-0  1 -0  0
 0 -0  1  0
-0  0 -0  1
    0.826351   -0.0106004     0.563056   -0.0520211
  0.00413668      0.99991    0.0127537 -0.000383981
   -0.563141  -0.00820988      0.82632   -0.0109223
          -0            0           -0            1
 -0.00310162  0.000374929     0.999995  2.20761e-05
 -0.00132644     0.999999 -0.000379044 -3.34606e-05
   -0.999994  -0.00132761  -0.00310112 -7.20881e-05
          -0            0           -0            1
  -0.999989 -0.00430562 -0.00177859 0.000116991
-0.00430027    0.999986 -0.00300403 2.47732e-05
  0.0017915 -0.00299635   -0.999994 -4.6283e-05
         -0           0           0           1
0.000263461 -0.00406004   -0.999992 0.000130273
 0.00536837    0.999977 -0.00405857 1.58623e-05
   0.999986 -0.00536726 0.000285251 0.000406764
         -0           0          -0           1
    0.704559    -0.014578    -0.709495  -0.00646017
   0.0214818     0.999769  0.000790097 -1.36122e-05
     0.70932   -0.0157979      0.70471   -0.0129064
          -0            0           -0            1
  0.909092  -0.175642   -0.37776 0.00435102
 -0.200253   0.610905   -0.76596  0.0882863
   0.36531   0.771975   0.520195  -0.108853
        -0          0         -0          1
 -0.806631   0.331908   0.489064 -0.0829384
 0.0818487   0.882196  -0.463715  0.0353082
 -0.585361  -0.334018  -0.738773  0.0711536
        -0         -0         -0          1
  0.945808  0.0147386   0.324391 -0.0530127
 -0.221924  -0.699934   0.678853   0.138516
  0.237058  -0.714055  -0.658733  0.0990356
        -0          0         -0          1
 -0.826084  -0.312848   0.468733 -0.0277373
  0.473472  0.0657938   0.878348  0.0583887
  -0.30563   0.947522  0.0937736 -0.0796939
        -0          0         -0          1
