8  ,  3  1.88903e-05
 -0.944243 -0.0134894  -0.328973  0.0527615
 -0.226903  -0.697351   0.679866   0.138473
 -0.238581   0.716604   0.655408 -0.0994647
         0          0          0          1
7  ,  8  8.15642e-06
 -0.920021  0.0397639   0.389845 -0.0119299
  0.348252  -0.373165   0.859924  0.0918092
  0.179671   0.926912   0.329472 -0.0615101
         0          0          0          1
7  ,  2  0.000201337
   0.58452   0.334275   0.739321 -0.0712526
 0.0834652   0.881586  -0.464587  0.0353046
 -0.807075   0.333268   0.487404  -0.083161
         0          0          0          1
0  ,  1  1.10675e-05
    0.826469   0.00302859    -0.562976    0.0368875
  -0.0097338     0.999913  -0.00890987 -0.000220301
      0.5629    0.0128442     0.826426    0.0382913
           0            0            0            1
7  ,  3  3.71583e-06
  0.804823  -0.338807  -0.487309  0.0831595
 0.0895851   0.880995  -0.464567  0.0355632
  0.586716   0.330238   0.739396 -0.0711114
         0          0          0          1
0  ,  7  0.000330923
 -0.639083   0.590771   0.492507 -0.0772012
 -0.226065  -0.756331   0.613889   0.132231
  0.735165   0.280987    0.61691  0.0382532
         0          0          0          1
3  ,  4  0.000469805
  0.00113951  -0.00313377    -0.999995 -0.000219271
  0.00231912     0.999993  -0.00313098  0.000155265
    0.999997  -0.00231568   0.00114705 -0.000106669
           0            0            0            1
0  ,  2  0.000296034
 -0.00374853  -0.00174964    -0.999991 -0.000278058
 0.000189521     0.999998  -0.00175065  0.000116762
    0.999993 -0.000195615  -0.00374873 -0.000277492
           0            0            0            1
4  ,  7  0.000504926
 -0.962357  -0.144058  -0.230471  0.0346653
-0.0774917  -0.667346   0.740706   0.126781
 -0.260507   0.730683   0.631061 -0.0467558
         0          0          0          1
4  ,  0  0.000207205
  0.636009  -0.647806   0.419333  0.0327956
  0.158971   0.641735   0.750269 -0.0200136
  -0.75513  -0.410516   0.511132  0.0428253
         0          0          0          1
1  ,  4  0.00017153
 -0.372981  -0.908265   -0.18958   0.104764
  0.887898  -0.408699    0.21119   0.112414
 -0.269298 -0.0895577   0.958884  0.0179859
         0          0          0          1
6  ,  7  0.00034944
 -0.415408   0.867757   0.272825  -0.100632
-0.0736341  -0.331023   0.940745  0.0413923
   0.90665   0.370703   0.201407 -0.0187568
         0          0          0          1
7  ,  9  0.000131383
   0.546781   0.0388695   -0.836372   0.0255819
  0.0732561     0.99287   0.0940349 -0.00782686
   0.834065   -0.112686    0.540035   0.0354934
          0           0           0           1
9  ,  4  0.000627366
 -0.051041  -0.970229    0.23675  0.0791017
  0.998695 -0.0499793    0.01049   0.149927
0.00165491   0.236977   0.971513 -0.0112472
         0          0          0          1
1  ,  5  5.20098e-05
   0.183162  0.00944356    0.983037  -0.0306413
-0.00113276    0.999956 -0.00939532 0.000233289
  -0.983082 0.000606708    0.183165   0.0337465
          0           0           0           1
7  ,  4  0.000289404
  -0.255993    -0.96127   -0.102116    0.100074
    0.38854 -0.00558916   -0.921414     0.15976
   0.885157   -0.275553    0.374923   0.0566773
          0           0           0           1
2  ,  7  0.000246998
  0.583469  0.0825413   -0.80793 -0.0282818
   0.33551   0.881463   0.332351  0.0203492
  0.739593  -0.464985   0.486612   0.109709
         0          0          0          1
9  ,  5  0.000160127
  -0.78784   0.452072   0.418258 -0.0611835
  0.494232  0.0588524   0.867335    0.05988
  0.367481   0.890039  -0.269794 -0.0319963
         0          0          0          1
2  ,  0  0.000395822
 -0.00335636   0.00183292     0.999993 -2.24607e-06
 -0.00229501     0.999996  -0.00184069 -0.000231511
   -0.999992  -0.00230073  -0.00335302 -0.000101433
           0            0            0            1
0  ,  8  0.000200598
 0.820235 -0.556904 -0.130658 0.0867017
 0.554339  0.717503  0.421778 0.0510814
-0.141142 -0.418387  0.897235 0.0514929
        0         0         0         1
6  ,  0  0.000277925
  0.908244  -0.177073  -0.379126 0.00463237
 -0.201474   0.609051  -0.767115   0.088511
  0.366743   0.773113   0.517491  -0.108844
         0          0          0          1
1  ,  6  0.00018524
   0.763662  -0.0470312    0.643902  -0.0128516
-0.00877347    0.996495   0.0831895   0.0062365
  -0.645557  -0.0691785    0.760572   0.0657752
          0           0           0           1
2  ,  8  0.00018374
 -0.234436   -0.22387   0.946003  0.0578303
  0.714941  -0.699086  0.0117369    0.16851
   0.65871   0.679088   0.323946 -0.0115591
         0          0          0          1
0  ,  9  6.79591e-05
 -0.824238    0.47499  -0.308247 -0.0751846
 -0.314339  0.0689674   0.946802  0.0628941
  0.470981   0.877285   0.092462 -0.0309096
         0          0          0          1
8  ,  0  0.000144185
  0.674747   0.729638  -0.111102  -0.100168
 -0.730416   0.681753  0.0412889  0.0370122
   0.10587   0.053291   0.992951 -0.0340345
         0          0          0          1
5  ,  3  0.000257693
  0.814695  -0.577385 -0.0538328  0.0724755
  0.489775   0.734822   -0.46921  0.0346521
  0.310473   0.355897   0.881444 -0.0689627
         0          0          0          1
4  ,  1  0.000142332
    0.996551    -0.082975 -0.000382466     0.017574
   0.0663902     0.794576     0.603525   -0.0324861
  -0.0497737    -0.601468     0.797345     0.072561
           0            0            0            1
2  ,  1  0.00018066
     0.56093   0.00619262     0.827841    0.0369284
  0.00636777     0.999911   -0.0117937 -0.000406872
   -0.827839     0.011887     0.560839    0.0382276
           0            0            0            1
1  ,  0  5.04726e-06
    0.826543   -0.0092436     0.562798   -0.0521157
  0.00267561     0.999919    0.0124929 -0.000367028
   -0.562867   -0.0088204       0.8265   -0.0108893
           0            0            0            1
2  ,  9  0.000110799
   0.30685   0.473417  -0.825663 -0.0750595
 -0.946797  0.0633816  -0.315527  0.0629917
-0.0970444   0.878555   0.467679 -0.0309261
         0          0          0          1
1  ,  2  0.000140385
    0.560727   0.00765833    -0.827966    0.0107796
  0.00453545     0.999913    0.0123208 -0.000259799
    0.827988   -0.0106641     0.560644   -0.0521558
           0            0            0            1
0  ,  3  0.000228515
 -0.674183   0.736195 -0.0591244 -0.0490658
 -0.731899  -0.655223   0.187099   0.118576
 0.0990025   0.169412    0.98056 -0.0324235
         0          0          0          1
6  ,  8  0.000255647
   0.754327   -0.634315   -0.169221   0.0786052
   0.642398     0.76632 -0.00892401   0.0169844
   0.135339   -0.101976    0.985538  -0.0380795
          0           0           0           1
5  ,  4  9.01707e-05
   0.709728   -0.010419    0.704399  -0.0130555
  0.0163745    0.999864 -0.00170851 0.000110395
  -0.704285   0.0127469    0.709803  0.00626369
          0           0           0           1
8  ,  9  0.000593296
 -0.959105  -0.123649   0.254612 0.00413303
-0.0864952  -0.728472  -0.679594   0.182455
  0.269509  -0.673825   0.687987  0.0750705
         0          0          0          1
3  ,  0  0.00023268
 -0.787275  -0.610619  0.0856896  0.0472266
   0.61203  -0.756957   0.228989   0.131637
-0.0749613   0.232722   0.969651 0.00430985
         0          0          0          1
9  ,  6  0.000121748
 -0.895279  -0.434471  0.0985454  0.0371025
  0.353354  -0.557784   0.751012    0.11147
 -0.271326   0.707186   0.652893 -0.0228813
         0          0          0          1
8  ,  1  0.000172047
  0.556125   0.632815  -0.538768 -0.0391607
 -0.655426   0.732536   0.183867  0.0242689
   0.51102   0.250869   0.822145 -0.0285714
         0          0          0          1
5  ,  6  7.67682e-05
 0.896045 -0.218604 -0.386414 0.0426642
 0.435797  0.599258  0.671543  0.022259
0.0847597 -0.770132  0.632229  0.121772
        0         0         0         1
4  ,  2  0.00029253
    0.98232   -0.108298   -0.152703 -0.00651171
   0.182819    0.730525     0.65796  -0.0198356
  0.0402967   -0.674244    0.737408   0.0355653
          0           0           0           1
8  ,  4  0.000669366
  0.240929  -0.716827  -0.654304  0.0990187
   -0.2251  -0.697051   0.680772   0.138693
 -0.944078 -0.0167331  -0.329297  0.0527706
         0          0          0          1
9  ,  0  6.96065e-05
 -0.824983  -0.313553   0.470198 -0.0277628
  0.474442  0.0678382   0.877669  0.0584453
 -0.307093   0.947145  0.0927966   -0.07978
         0          0          0          1
9  ,  1  2.93622e-05
 -0.508344  -0.791983   0.338155  0.0590377
  0.484855  0.0612989   0.872444  0.0592091
  -0.71169   0.607457   0.352836 -0.0425016
         0          0          0          1
8  ,  2  0.000163254
 -0.236046   0.714815   0.658272 -0.0992283
 -0.223939  -0.699196   0.678952   0.138564
  0.945586  0.0128502   0.325117 -0.0530559
         0          0          0          1
3  ,  5  0.000285401
 0.472019  0.875954 0.0995058 -0.103368
-0.875733  0.452901  0.167251 0.0819913
 0.101439 -0.166087   0.98088 0.0611174
        0         0         0         1
7  ,  5  0.000165098
   0.269362   -0.390435    0.880343 0.000709943
   0.891418    -0.24485   -0.381343    0.137004
   0.364442    0.887473    0.282087  -0.0662268
          0           0           0           1
1  ,  3  8.58362e-05
  0.520241   0.797921  -0.304417 -0.0579251
 -0.847074   0.436752   -0.30284  0.0788737
 -0.108688   0.415414   0.903116 -0.0823433
         0          0          0          1
9  ,  2  7.65891e-05
  0.306778  -0.946794 -0.0973051  0.0795965
  0.473832  0.0632607    0.87834  0.0587507
 -0.825451  -0.315562   0.468029 -0.0276799
         0          0          0          1
1  ,  7  0.000266052
 -0.708661   0.705384 -0.0152774 -0.0596138
  -0.61476  -0.606702   0.503966   0.124883
  0.346221   0.366533   0.863588 -0.0154925
         0          0          0          1
9  ,  7  0.000390175
   0.844702    0.232796     0.48196  -0.0305372
   -0.25912    0.965766  -0.0123401 -0.00157886
  -0.468333   -0.114461    0.876106   0.0199216
          0           0           0           1
6  ,  9  0.000315018
 -0.807241   0.561613  -0.181529 -0.0379964
 -0.575096  -0.679244   0.455951   0.127249
  0.132767   0.472459   0.871295 -0.0664407
         0          0          0          1
4  ,  3  0.000288754
  -0.0010253   0.00177892     0.999998  5.85668e-05
 -0.00311382     0.999994  -0.00178181 -0.000298709
   -0.999994  -0.00311521  -0.00102026 -1.23255e-05
           0            0            0            1
1  ,  8  0.00020422
   0.734253    -0.48507    0.474952   0.0344534
   0.524795    0.849374   0.0561585   0.0140549
  -0.430654    0.208018    0.878218 -0.00958072
          0           0           0           1
3  ,  1  0.000163668
0.0772552 -0.992354 0.0962538  0.109949
 0.823342  0.117945  0.555154 0.0732685
-0.562262 0.0363613  0.826159 0.0553189
        0         0         0         1
0  ,  4  0.000341542
 -0.00156673   0.00613552      0.99998 -0.000124236
 -0.00159239      0.99998  -0.00613819  2.46435e-05
   -0.999997   -0.0016015  -0.00155638  -0.00037859
           0            0            0            1
4  ,  5  0.000109346
    0.710561    0.0164412    -0.703444    0.0137072
  -0.0107087     0.999864    0.0125522 -0.000330756
    0.703555  -0.00138656      0.71064   0.00473022
           0            0            0            1
1  ,  9  2.39056e-05
 -0.506294   0.485792  -0.712512 -0.0290754
 -0.792713   0.063122   0.606319  0.0689251
   0.33952   0.871793   0.353134 -0.0566854
         0          0          0          1
7  ,  0  0.000212799
 -0.590845   -0.18024   0.786394 -0.0494698
  0.627361  -0.715503   0.307365   0.133257
  0.507268   0.674958   0.535827 -0.0691265
         0          0          0          1
0  ,  5  8.77363e-06
    0.704445    0.0221486     0.709413    0.0137236
  -0.0146742     0.999754   -0.0166422 -0.000328225
   -0.709606    0.0013137     0.704597   0.00443808
           0            0            0            1
2  ,  3  0.000389359
   0.0100986   0.00734984    -0.999922 -0.000643012
  -0.0322321     0.999456   0.00702095 -0.000416828
     0.99943    0.0321587    0.0103293  -0.00250815
           0            0            0            1
4  ,  6  0.00021999
 0.365912 -0.202313 -0.908393 0.0531069
 0.775158  0.606412  0.177186 0.0310924
 0.515012 -0.768983  0.378718  0.126183
        0         0         0         1
4  ,  8  0.00043766
  0.240922  -0.223514  -0.944457  0.0570364
 -0.718739  -0.695024 -0.0188604   0.168521
 -0.652204   0.683362  -0.328094 -0.0125973
         0          0          0          1
7  ,  1  0.000212046
 -0.780611  -0.568864   0.258918  0.0390733
  0.623992  -0.733017   0.270776   0.135127
 0.0357571   0.372935   0.927168 -0.0426739
         0          0          0          1
7  ,  6  0.00018355
 -0.437095  -0.384512    0.81308 0.00908165
  0.514586  -0.848344  -0.124558   0.174631
  0.737664   0.363956   0.568671  0.0237637
         0          0          0          1
6  ,  1  0.000483464
  0.544255  -0.578798  -0.607272   0.102113
  -0.21182   0.605608  -0.767053  0.0888559
  0.811738   0.546106   0.207004 -0.0480568
         0          0          0          1
0  ,  6  0.000221719
 0.908204 -0.200835  0.367193 0.0534713
-0.177477   0.60975  0.772468 0.0310724
-0.379035 -0.766727  0.518134  0.125862
        0         0         0         1
3  ,  6  0.000341509
  0.915125   0.385504  -0.118037 -0.0311493
 -0.402178   0.893398  -0.200232  0.0214427
  0.028264   0.230709   0.972613  0.0717389
         0          0          0          1
9  ,  8  0.000190025
 -0.959123 -0.0869749   0.269292 -0.0004276
 -0.123028  -0.728809  -0.673574   0.183973
  0.254846  -0.679171   0.688317  0.0712177
         0          0          0          1
2  ,  4  0.000476052
    0.98773    0.109111   -0.111734    0.015365
  -0.155977    0.653412   -0.740759   0.0443238
-0.00781683    0.749097    0.662414   -0.019888
          0           0           0           1
3  ,  7  1.21461e-05
  0.804024  0.0893275   0.587848 -0.0282612
 -0.339012   0.881082   0.329795  0.0203283
 -0.488483   -0.46445   0.738694   0.109584
         0          0          0          1
3  ,  8  8.41778e-06
  -0.94413  -0.226448  -0.239457  0.0574265
-0.0147998  -0.696704   0.717206   0.168554
 -0.329241    0.68068   0.654428 -0.0116945
         0          0          0          1
5  ,  7  0.000421838
-0.0634909   0.637503   0.767828 -0.0806508
  0.243437  -0.736247   0.631411   0.124469
  0.967837   0.227006  -0.108447  0.0271117
         0          0          0          1
4  ,  9  0.000164519
-0.0433187   0.997385  0.0578517  -0.139927
 -0.981388 -0.0533246   0.184485  0.0854762
  0.187088 -0.0487833   0.981131 0.00509574
         0          0          0          1
8  ,  5  0.000144273
  0.0482841     0.99048    0.128912  -0.0943363
  -0.998788   0.0466454    0.015698    0.107378
 0.00953536   -0.129514    0.991532 0.000778198
          0           0           0           1
9  ,  3  0.000175503
  0.846642  -0.358738   0.393072  0.0486989
  0.423152   0.901729 -0.0884679  0.0253829
 -0.322708    0.24123   0.915242 -0.0792715
         0          0          0          1
5  ,  0  1.35973e-05
     0.70413   -0.0134289    -0.709944  -0.00658634
   0.0210504     0.999777   0.00196717 -2.09948e-05
    0.709759   -0.0163301     0.704255   -0.0128741
           0            0            0            1
3  ,  2  0.000312016
0.000546828  -0.0186044    0.999827  0.00154066
  0.0203944    0.999619   0.0185898 0.000281885
  -0.999792   0.0203815 0.000926067 -0.00177892
          0           0           0           1
5  ,  1  0.000106816
    0.182929  0.000138489    -0.983127    0.0386955
  0.00872015     0.999961   0.00176325 -5.39954e-05
    0.983088  -0.00889556      0.18292    0.0239336
           0            0            0            1
8  ,  6  0.000232933
  0.789153   0.582044   0.196119 -0.0611431
 -0.605418   0.790947  0.0887269   0.024579
 -0.103477  -0.188753   0.976558  0.0680271
         0          0          0          1
8  ,  7  4.53451e-05
 -0.919796   0.348764    0.17983 -0.0319712
 0.0398066  -0.372988   0.926982  0.0916831
  0.390372   0.859793    0.32919 -0.0539953
         0          0          0          1
6  ,  2  0.000311902
   0.133458    0.660819   -0.738584  -0.0219881
  -0.447581     0.70511    0.549993 0.000522214
    0.88423    0.257175    0.389871  -0.0870394
          0           0           0           1
2  ,  5  0.000480597
  -0.571507   0.0292461    0.820076  0.00879455
   0.159853    0.984187   0.0763024  0.00124482
  -0.804877    0.174699   -0.567145 -0.00216054
          0           0           0           1
3  ,  9  0.000162924
 0.539014  0.742056 -0.398517  -0.10169
-0.605798  0.670258  0.428676 0.0344433
 0.585211 0.0103581  0.810815 0.0453139
        0         0         0         1
5  ,  8  0.000289693
  0.114034  -0.955647   0.271542    0.10787
  0.930458 0.00693755  -0.366333   0.091146
  0.348201   0.294433   0.889981 -0.0112071
         0          0          0          1
2  ,  6  0.000170239
 0.433929  -0.74904  0.500645  0.105386
 0.869741  0.203283 -0.449697 0.0858355
 0.235069  0.630568   0.73968 0.0263647
        0         0         0         1
5  ,  2  0.000638549
  -0.724459   0.0304896   -0.688644   0.0117711
 0.00760221    0.999314   0.0362475 -0.00037311
   0.689277   0.0210241   -0.724193 -0.00785816
          0           0           0           1
5  ,  9  0.000258072
 -0.788379   0.494585   0.365848  -0.066073
  0.450632  0.0594378   0.890729  0.0526807
  0.418796   0.867095  -0.269735 -0.0351135
         0          0          0          1
6  ,  3  0.000279334
 -0.774329   0.608491   0.173642 -0.0330463
 -0.596716  -0.793485   0.119638   0.160162
  0.210581 -0.0109763   0.977515  -0.089373
         0          0          0          1
6  ,  4  0.000398755
   0.367032    0.773403    0.516853   -0.108387
  -0.201328    0.608508   -0.767584   0.0885858
   -0.90816     0.17767    0.379049 -0.00518433
          0           0           0           1
6  ,  5  0.00019686
  0.896159   0.435327  0.0859566  -0.058275
 -0.218259   0.601104   -0.76879  0.0894739
 -0.386345   0.670197   0.633698 -0.0754196
         0          0          0          1
